 Spectrum         Titanium Chromium Cobalt Nickel Niobium Molybdenum Tantalum Tungsten
 Spectrum 1       3.30     22.46    15.43  43.72  0.46    4.66       0.86     9.11    
 Spectrum 2       4.75     21.20    13.99  43.13  1.94    4.96       2.34     7.69    
 Spectrum 3       2.29     23.89    16.36  41.26  0.19    5.07       0.00     10.94   
 Spectrum 4       6.00     19.04    12.51  41.53  4.29    5.70       4.20     6.74    
 Spectrum 5       3.53     22.76    14.99  43.63  0.70    4.69       1.35     8.34    
 Spectrum 6       2.02     22.48    16.15  43.41  0.27    4.81       0.11     10.76   
 Spectrum 7       4.96     21.35    13.69  41.91  2.80    5.14       2.61     7.54    
 Spectrum 8       7.22     18.97    12.28  44.24  4.57    3.89       3.88     4.96    
 Spectrum 9       2.44     22.93    15.98  42.08  0.57    5.10       0.27     10.63   
 Spectrum 10      6.17     18.87    12.65  41.45  4.50    5.48       4.21     6.67    
 Spectrum 11      3.27     24.02    15.60  42.55  0.33    4.50       0.40     9.33    
 Spectrum 12      1.88     22.09    14.66  46.18  0.07    4.63       0.00     10.50   
 Spectrum 13      2.01     23.87    16.57  42.02  0.19    4.73       0.00     10.61   
 Spectrum 14      2.27     24.72    14.80  42.66  0.11    4.76       0.00     10.68   
 Spectrum 15      5.08     20.90    13.66  42.82  2.53    4.95       2.92     7.14    
 Spectrum 16      2.70     24.19    15.73  40.94  0.46    5.44       0.42     10.13   
 Spectrum 17      2.23     23.51    16.10  42.01  0.54    4.90       0.14     10.58   
 Spectrum 18      1.60     19.15    7.99   58.20  0.00    4.00       0.00     9.07    
 Spectrum 19      4.41     22.07    14.42  42.86  1.52    4.88       1.95     7.88    
 Spectrum 20      1.72     23.85    16.60  42.50  0.04    4.55       0.00     10.73   
 Spectrum 21      5.43     19.55    13.09  42.37  3.58    5.39       3.68     6.91    
 Spectrum 22      8.56     16.08    11.50  47.85  5.24    2.96       4.10     3.71    
 Spectrum 23      2.33     23.98    13.03  45.72  0.14    4.94       0.00     9.85    
 Spectrum 24      5.78     18.64    12.92  41.62  4.64    5.54       4.07     6.78    
 Spectrum 25      2.39     23.12    16.00  42.50  0.60    5.03       0.41     9.96    
 Spectrum 26      2.68     24.10    15.98  40.71  0.49    5.28       0.30     10.46   
 Spectrum 27      2.20     23.38    16.42  42.29  0.37    4.94       0.19     10.19   
 Spectrum 28      2.36     25.17    16.18  40.21  0.05    5.06       0.00     10.96   
 Spectrum 29      2.84     26.69    15.69  40.06  0.07    4.88       0.01     9.76    
 Spectrum 30      3.23     22.62    15.94  43.69  0.30    4.55       0.46     9.21    
 Spectrum 31      1.55     20.00    9.09   56.47  0.00    3.88       0.00     9.01    
 Spectrum 32      2.05     23.18    13.05  47.32  0.05    4.40       0.00     9.95    
 Spectrum 33      1.98     21.97    16.99  43.11  0.37    4.67       0.00     10.91   
 Spectrum 34      1.81     22.65    16.89  43.10  0.18    4.59       0.00     10.78   
 Spectrum 35      2.15     22.55    16.64  42.91  0.44    4.69       0.14     10.47   
 Spectrum 36      2.10     23.26    15.61  43.93  0.14    4.69       0.00     10.27   
 Spectrum 37      4.13     21.74    14.53  43.87  1.28    4.73       1.80     7.91    
 Spectrum 38      3.12     23.22    15.77  43.76  0.23    4.42       0.44     9.02    
 Spectrum 39      3.13     23.18    15.69  43.74  0.29    4.47       0.61     8.89    
 Spectrum 40      3.14     22.89    15.61  43.73  0.32    4.65       0.88     8.78    
 Spectrum 41      2.56     22.67    16.01  42.07  0.70    5.20       0.45     10.35   
 Spectrum 42      3.87     22.45    14.71  43.91  0.93    4.58       1.47     8.08    
 Spectrum 43      2.56     22.82    15.91  42.42  0.64    5.18       0.53     9.94    
 Spectrum 44      2.08     22.84    16.98  42.12  0.31    4.67       0.00     11.01   
 Spectrum 45      2.23     22.84    11.62  49.42  0.00    4.58       0.00     9.32    
 Spectrum 46      3.53     15.22    2.31   35.47  16.30   11.69      6.78     8.70    
 Spectrum 47      2.31     24.04    15.87  41.75  0.19    5.10       0.00     10.74   
 Spectrum 48      1.77     22.09    12.95  49.32  0.00    4.20       0.00     9.67    
 Spectrum 49      2.27     21.70    16.38  43.92  0.54    4.77       0.41     10.00   
 Spectrum 50      2.98     23.40    16.17  43.69  0.00    4.25       0.43     9.09    
 Spectrum 51      5.72     19.51    12.98  42.00  3.97    5.36       3.96     6.49    
 Spectrum 52      3.06     22.91    16.31  44.01  0.00    4.15       0.42     9.16    
 Spectrum 53      3.74     22.83    15.30  42.85  1.02    4.56       0.99     8.70    
 Spectrum 54      4.60     21.23    14.22  42.74  2.44    4.86       2.28     7.63    
 Spectrum 55      3.19     23.28    15.58  43.70  0.36    4.48       0.81     8.62    
 Spectrum 56      3.85     22.49    14.91  43.50  0.90    4.65       1.27     8.42    
 Spectrum 57      2.63     23.49    16.17  41.34  0.52    5.17       0.24     10.43   
 Spectrum 58      5.72     19.16    13.09  42.10  4.19    5.24       3.95     6.54    
 Spectrum 59      4.74     20.99    14.23  43.31  1.89    4.91       2.47     7.47    
 Spectrum 60      3.33     21.57    15.89  45.16  0.30    4.27       0.95     8.53    
 Spectrum 61      1.81     22.33    17.33  42.63  0.08    4.65       0.00     11.17   
 Spectrum 62      3.36     22.43    15.43  43.80  0.65    4.69       1.12     8.52    
 Spectrum 63      1.40     16.20    0.50   71.71  0.00    3.20       0.00     6.98    
 Spectrum 64      5.62     19.13    13.21  42.23  3.79    5.41       3.84     6.77    
 Spectrum 65      2.36     23.67    16.59  41.40  0.33    5.01       0.00     10.64   
 Spectrum 66      4.92     20.62    13.24  44.02  2.33    4.99       2.60     7.29    
 Spectrum 67      2.25     24.79    16.58  40.47  0.17    4.97       0.00     10.78   
 Spectrum 68      6.14     18.23    12.75  41.74  4.75    5.32       4.51     6.55    
 Spectrum 69      3.20     22.62    15.88  43.85  0.32    4.53       0.61     8.99    
 Spectrum 70      4.06     21.93    14.70  43.97  1.15    4.74       1.80     7.67    
 Spectrum 71      1.88     21.97    16.88  43.41  0.50    4.61       0.00     10.76   
 Spectrum 72      2.58     23.10    16.04  42.32  0.64    5.08       0.38     9.86    
 Spectrum 73      1.85     22.27    17.11  42.96  0.09    4.62       0.00     11.10   
 Spectrum 74      2.53     22.26    16.40  42.32  0.87    4.97       0.44     10.22   
 Spectrum 75      2.24     21.69    16.67  43.77  0.68    4.42       0.16     10.37   
 Spectrum 76      2.01     21.82    16.91  43.69  0.28    4.69       0.00     10.61   
 Spectrum 77      5.29     20.09    13.74  43.00  3.26    4.96       2.83     6.83    
 Spectrum 78      1.88     23.33    17.38  42.00  0.02    4.64       0.00     10.75   
 Spectrum 79      2.42     23.93    15.82  41.85  0.45    5.19       0.26     10.09   
 Spectrum 80      2.55     22.62    16.10  42.43  0.68    5.10       0.65     9.88    
 Spectrum 81      2.11     20.92    16.78  44.02  0.58    4.72       0.27     10.61   
 Spectrum 82      8.57     18.29    11.63  41.17  15.86   1.23       0.59     2.65    
 Spectrum 83      2.46     23.28    16.73  41.53  0.41    5.11       0.21     10.27   
 Spectrum 84      1.83     23.21    16.88  42.49  0.07    4.56       0.00     10.95   
 Spectrum 85      1.95     22.28    16.97  42.73  0.27    4.75       0.00     11.06   
 Spectrum 86      1.30     14.24    0.00   76.40  0.00    2.64       0.00     5.43    
 Spectrum 87      3.06     22.99    16.11  43.81  0.28    4.43       0.44     8.88    
 Spectrum 88      6.07     19.24    12.71  34.95  10.03   6.33       3.97     6.72    
 Spectrum 89      2.23     22.32    15.32  45.19  0.23    4.66       0.00     10.05   
 Spectrum 90      2.19     22.97    17.03  41.73  0.21    4.87       0.00     10.99   
 Spectrum 91      2.93     23.60    16.61  42.96  0.09    3.96       0.04     9.81    
 Spectrum 92      1.64     20.63    10.22  54.57  0.00    4.02       0.00     8.92    
 Spectrum 93      2.00     20.92    13.79  48.42  0.21    4.51       0.00     10.14   
 Spectrum 94      10.37    15.64    11.43  47.44  7.85    1.95       3.09     2.24    
 Spectrum 95      4.85     20.60    14.14  43.39  2.30    4.95       2.95     6.83    
 Spectrum 96      2.09     22.06    16.51  43.43  0.47    4.91       0.38     10.15   
 Spectrum 97      3.51     22.57    15.81  43.47  0.56    4.55       0.89     8.63    
 Spectrum 98      4.49     20.91    14.56  43.63  1.71    4.71       2.35     7.62    
 Spectrum 99      3.11     23.39    16.45  43.28  0.10    4.03       0.45     9.19    
 Spectrum 100     2.17     22.82    17.03  42.70  0.33    4.60       0.00     10.35   
 Spectrum 101     4.41     21.41    14.50  43.87  1.52    4.81       2.11     7.38    
 Spectrum 102     1.36     16.42    0.00   72.85  0.00    3.02       0.00     6.35    
 Spectrum 103     4.99     20.04    13.86  43.53  2.52    5.00       2.97     7.08    
 Spectrum 104     4.19     21.12    14.75  43.95  1.59    4.72       2.15     7.54    
 Spectrum 105     3.29     23.07    16.04  43.55  0.39    4.29       0.61     8.76    
 Spectrum 106     4.95     19.96    13.89  43.17  2.93    5.02       3.17     6.92    
 Spectrum 107     1.89     22.37    17.00  43.11  0.12    4.59       0.00     10.92   
 Spectrum 108     3.76     21.87    15.32  43.84  1.04    4.51       1.38     8.28    
 Spectrum 109     4.48     21.67    14.70  43.21  1.46    4.79       1.96     7.73    
 Spectrum 110     3.37     22.19    16.16  44.03  0.36    4.21       0.53     9.16    
 Spectrum 111     4.52     20.87    14.48  43.35  2.11    4.84       2.55     7.27    
 Spectrum 112     4.29     21.81    14.90  43.56  1.44    4.54       1.72     7.75    
 Spectrum 113     2.18     23.48    16.87  41.70  0.12    4.80       0.00     10.84   
 Spectrum 114     5.74     18.85    12.43  39.04  7.26    6.06       4.02     6.60    
 Spectrum 115     2.83     23.50    16.89  43.52  0.00    3.83       0.22     9.20    
 Spectrum 116     3.97     22.32    15.24  43.30  1.17    4.55       1.52     7.94    
 Spectrum 117     3.03     23.72    16.61  43.18  0.11    3.93       0.38     9.04    
 Spectrum 118     1.68     22.37    15.29  46.39  0.02    4.13       0.00     10.12   
 Spectrum 119     1.72     23.23    17.32  42.45  0.01    4.48       0.00     10.78   
 Spectrum 120     3.28     22.45    15.84  43.91  0.44    4.48       0.81     8.79    
 Spectrum 121     3.69     22.41    15.68  43.56  0.59    4.61       0.99     8.47    
 Spectrum 122     6.49     25.58    13.46  37.09  5.18    5.00       1.74     5.45    
 Spectrum 123     4.70     20.13    14.03  43.93  2.35    4.92       2.98     6.96    
 Spectrum 124     1.86     20.94    13.00  49.54  0.00    4.53       0.00     10.13   
 Spectrum 125     0.94     12.32    0.00   80.59  0.00    2.09       0.00     4.06    
 Spectrum 126     4.36     21.41    14.77  43.92  1.45    4.55       1.89     7.64    
 Spectrum 127     1.32     15.09    0.00   74.98  0.00    2.71       0.00     5.91    
 Spectrum 128     4.12     21.97    14.97  43.44  1.21    4.62       1.66     8.01    
 Spectrum 129     1.98     20.72    14.16  48.31  0.07    4.64       0.00     10.12   
 Spectrum 130     5.00     21.12    14.38  41.73  2.72    5.06       2.57     7.41    
 Spectrum 131     2.81     23.26    16.71  44.08  0.00    3.90       0.36     8.88    
 Spectrum 132     2.16     23.02    17.15  41.92  0.26    4.75       0.00     10.74   
 Spectrum 133     2.09     21.93    16.18  44.09  0.07    4.74       0.00     10.91   
 Spectrum 134     1.81     22.87    17.68  41.92  0.16    4.60       0.00     10.96   
 Spectrum 135     5.82     18.09    13.42  42.71  4.45    5.03       3.97     6.51    
 Spectrum 136     3.90     21.51    15.40  43.98  0.97    4.61       1.69     7.93    
 Spectrum 137     2.52     22.42    16.48  42.20  0.67    5.19       0.41     10.11   
 Spectrum 138     1.34     16.91    2.92   67.57  0.00    3.46       0.00     7.80    
 Spectrum 139     2.57     21.57    16.48  43.70  0.71    4.92       0.58     9.46    
 Spectrum 140     1.83     21.47    17.45  43.94  0.24    4.48       0.00     10.59   
 Spectrum 141     2.53     22.90    16.56  41.89  0.54    5.09       0.39     10.11   
 Spectrum 142     4.71     20.48    14.56  44.25  1.76    4.48       2.36     7.40    
 Spectrum 143     3.31     17.77    11.59  16.45  22.21   12.75      6.66     9.26    
 Spectrum 144     1.62     21.92    16.54  44.87  0.11    4.51       0.00     10.43   
 Spectrum 145     2.43     22.63    16.71  42.21  0.56    4.88       0.27     10.30   
 Spectrum 146     1.90     22.58    17.44  42.83  0.33    4.45       0.00     10.47   
 Spectrum 147     2.31     23.64    13.21  46.75  0.11    4.71       0.00     9.27    
 Spectrum 148     4.79     19.87    14.41  43.64  2.68    4.66       2.88     7.07    
 Spectrum 149     1.66     20.27    11.36  53.44  0.02    4.10       0.00     9.15    
 Spectrum 150     3.10     22.91    16.05  44.00  0.36    4.35       0.83     8.40    
 Spectrum 151     1.55     20.69    10.91  53.24  0.00    4.22       0.00     9.39    
 Spectrum 152     3.12     23.73    16.61  41.97  0.20    4.37       0.00     10.00   
 Spectrum 153     2.06     21.74    17.40  43.10  0.24    4.47       0.00     10.98   
 Spectrum 154     2.15     22.20    17.12  42.84  0.44    4.72       0.00     10.52   
 Spectrum 155     2.14     22.79    16.93  42.92  0.28    4.63       0.02     10.30   
 Spectrum 156     3.11     22.41    16.02  44.39  0.32    4.33       0.75     8.67    
 Spectrum 157     3.36     22.31    16.05  44.40  0.41    4.28       0.91     8.29    
 Spectrum 158     3.18     22.18    16.30  44.51  0.31    4.23       0.73     8.56    
 Spectrum 159     2.61     24.17    16.38  41.28  0.38    5.10       0.21     9.88    
 Spectrum 160     3.41     22.20    15.70  44.56  0.49    4.37       1.13     8.14    
 Spectrum 161     2.01     22.75    17.27  41.96  0.17    4.87       0.00     10.97   
 Spectrum 162     1.07     13.70    0.00   77.86  0.00    2.38       0.00     4.99    
 Spectrum 163     2.43     22.43    16.68  42.77  0.53    4.88       0.37     9.91    
 Spectrum 164     2.82     22.96    16.65  43.92  0.09    4.29       0.34     8.92    
 Spectrum 165     2.67     23.32    16.67  40.96  0.60    5.27       0.42     10.08   
 Spectrum 166     2.16     22.32    17.14  42.62  0.34    4.94       0.12     10.36   
 Spectrum 167     1.89     22.76    16.83  43.75  0.00    4.43       0.00     10.35   
 Spectrum 168     2.18     21.52    17.23  43.37  0.43    4.75       0.24     10.28   
 Spectrum 169     1.63     18.68    6.90   60.81  0.00    3.83       0.00     8.14    
 Spectrum 170     4.77     20.65    14.70  43.94  1.86    4.52       2.36     7.20    
 Spectrum 171     4.15     21.04    15.04  43.82  1.52    4.75       2.02     7.66    
 Spectrum 172     1.67     22.72    17.83  42.57  0.00    4.49       0.00     10.72   
 Spectrum 173     2.92     26.79    16.29  37.74  0.26    5.54       0.00     10.44   
 Spectrum 174     2.88     22.53    16.78  44.70  0.08    3.76       0.42     8.85    
 Spectrum 175     1.47     20.35    10.90  53.96  0.00    3.99       0.00     9.33    
 Spectrum 176     3.86     21.44    15.54  44.70  0.78    4.42       1.27     7.99    
 Spectrum 177     3.25     22.50    16.25  44.06  0.27    4.34       0.67     8.66    
 Spectrum 178     6.06     17.26    13.28  43.48  4.42    4.84       4.51     6.13    
 Spectrum 179     4.88     20.45    14.21  43.29  2.38    4.89       2.80     7.11    
 Spectrum 180     3.14     22.03    16.31  44.46  0.43    4.25       0.74     8.63    
 Spectrum 181     1.97     21.57    17.13  43.70  0.38    4.53       0.00     10.72   
 Spectrum 182     2.20     23.06    15.98  43.33  0.19    4.95       0.00     10.29   
 Spectrum 183     2.53     23.57    16.77  41.90  0.45    4.93       0.44     9.41    
 Spectrum 184     2.02     22.92    17.31  42.46  0.26    4.70       0.03     10.30   
 Spectrum 185     1.84     21.12    14.26  48.57  0.13    4.39       0.00     9.69    
 Spectrum 186     2.49     23.15    16.45  41.75  0.62    5.08       0.69     9.76    
 Spectrum 187     1.93     21.07    13.19  49.90  0.02    4.22       0.00     9.67    
 Spectrum 188     2.36     22.54    16.85  42.53  0.53    4.94       0.28     9.96    
 Spectrum 189     4.48     20.50    14.89  43.88  1.76    4.75       2.54     7.20    
 Spectrum 190     3.52     21.65    15.82  44.70  0.64    4.29       1.20     8.18    
 Spectrum 191     1.93     22.72    17.89  41.57  0.13    4.67       0.00     11.09   
 Spectrum 192     4.04     20.80    15.27  44.51  1.30    4.52       1.95     7.61    
 Spectrum 193     1.71     21.69    12.45  50.76  0.00    4.12       0.00     9.27    
 Spectrum 194     3.92     21.71    15.72  43.49  1.03    4.57       1.35     8.20    
 Spectrum 195     3.87     21.82    15.66  43.89  0.90    4.38       1.36     8.13    
 Spectrum 196     4.07     21.45    15.35  43.93  1.08    4.59       1.71     7.82    
 Spectrum 197     2.89     21.95    16.88  44.48  0.00    4.24       0.03     9.53    
 Spectrum 198     3.29     22.50    16.48  43.53  0.38    4.36       0.43     9.02    
 Spectrum 199     3.99     15.47    11.42  32.31  16.89   6.85       3.75     9.33    
 Spectrum 200     2.30     21.12    16.78  44.43  0.64    4.60       0.37     9.75    
 Spectrum 201     1.30     16.56    2.55   68.65  0.00    3.24       0.00     7.69    
 Spectrum 202     2.93     22.45    17.11  44.47  0.00    3.75       0.30     9.00    
 Spectrum 203     1.52     17.81    4.96   64.50  0.00    3.58       0.00     7.63    
 Spectrum 204     2.25     22.01    17.18  42.82  0.47    4.84       0.13     10.30   
 Spectrum 205     1.66     20.23    12.81  51.27  0.07    4.37       0.00     9.59    
 Spectrum 206     4.44     20.72    14.69  43.71  1.99    4.73       2.62     7.10    
 Spectrum 207     2.63     22.06    16.44  42.84  0.71    5.16       0.80     9.35    
 Spectrum 208     1.81     22.97    18.02  41.91  0.00    4.58       0.00     10.71   
 Spectrum 209     2.83     22.85    16.76  44.08  0.12    4.11       0.39     8.88    
 Spectrum 210     4.24     20.87    15.18  44.09  1.36    4.66       1.88     7.71    
 Spectrum 211     1.84     22.38    17.36  43.49  0.01    4.49       0.00     10.43   
 Spectrum 212     4.68     20.39    14.65  43.55  2.15    4.76       2.71     7.11    
 Spectrum 213     1.99     22.98    17.48  42.41  0.20    4.62       0.00     10.33   
 Spectrum 214     1.92     21.48    17.25  43.80  0.56    4.61       0.19     10.19   
 Spectrum 215     2.21     21.31    17.15  43.51  0.51    4.75       0.19     10.37   
 Spectrum 216     3.61     21.38    15.68  44.55  0.79    4.46       1.45     8.08    
 Spectrum 217     2.42     22.33    16.96  42.40  0.53    4.93       0.51     9.92    
 Spectrum 218     5.42     18.65    13.62  43.10  3.85    5.03       3.82     6.50    
 Spectrum 219     1.87     22.39    17.96  42.25  0.19    4.45       0.00     10.89   
 Spectrum 220     2.72     22.08    16.46  42.72  0.69    5.24       0.79     9.30    
 Spectrum 221     1.63     21.70    16.04  46.18  0.00    4.21       0.00     10.24   
 Spectrum 222     4.44     21.00    15.06  43.38  1.84    4.56       2.16     7.56    
 Spectrum 223     5.84     18.59    13.75  42.76  3.96    4.98       3.58     6.52    
 Spectrum 224     1.27     15.30    0.00   73.82  0.00    3.07       0.00     6.54    
 Spectrum 225     1.66     20.15    12.91  51.99  0.00    3.98       0.00     9.32    
 Spectrum 226     2.27     22.95    17.36  41.60  0.36    4.91       0.00     10.54   
 Spectrum 227     1.78     22.06    16.87  44.15  0.18    4.40       0.00     10.56   
 Spectrum 228     3.21     22.30    16.39  44.32  0.40    4.27       0.97     8.12    
 Spectrum 229     5.37     19.79    13.91  42.60  3.26    5.06       3.11     6.90    
 Spectrum 230     4.71     19.99    14.77  43.82  2.30    4.70       2.75     6.96    
 Spectrum 231     2.21     24.10    17.48  40.76  0.15    4.86       0.00     10.44   
 Spectrum 232     4.09     21.45    15.30  44.13  1.04    4.57       1.68     7.74    
 Spectrum 233     2.41     21.54    16.81  43.14  0.76    5.05       0.57     9.72    
 Spectrum 234     2.09     21.61    15.27  46.45  0.27    4.50       0.03     9.79    
 Spectrum 235     2.59     21.31    16.62  43.33  0.76    5.20       0.78     9.41    
 Spectrum 236     2.11     22.21    17.23  43.08  0.43    4.70       0.02     10.21   
 Spectrum 237     4.07     21.05    15.47  44.15  1.30    4.57       1.63     7.77    
 Spectrum 238     1.36     12.80    0.00   77.98  0.00    2.61       0.00     5.25    
 Spectrum 239     1.95     21.66    18.14  42.81  0.20    4.39       0.00     10.85   
 Spectrum 240     2.02     20.23    13.82  49.77  0.26    4.37       0.01     9.52    
 Spectrum 241     2.80     22.10    16.37  44.38  0.33    4.45       0.79     8.79    
 Spectrum 242     3.80     21.41    15.58  44.18  1.19    4.30       1.38     8.16    
 Spectrum 243     2.50     22.12    16.71  42.70  0.68    5.12       0.70     9.48    
 Spectrum 244     1.79     21.16    14.50  48.17  0.00    4.38       0.00     10.00   
 Spectrum 245     3.66     21.52    15.68  44.29  0.93    4.48       1.63     7.81    
 Spectrum 246     4.63     19.61    14.60  44.69  2.00    4.65       2.66     7.15    
 Spectrum 247     4.70     17.00    12.01  32.49  11.35   8.11       6.41     7.93    
 Spectrum 248     2.04     21.80    15.24  46.42  0.26    4.52       0.07     9.64    
 Spectrum 249     5.12     19.51    14.48  43.55  2.67    4.78       2.96     6.92    
 Spectrum 250     2.55     21.89    17.06  42.17  0.68    5.00       0.41     10.24   
 Spectrum 251     3.97     21.03    15.35  44.22  1.49    4.48       1.75     7.73    
 Spectrum 252     1.75     20.00    11.53  53.70  0.00    3.85       0.00     9.17    
 Spectrum 253     2.57     22.12    16.77  42.79  0.61    5.03       0.50     9.61    
 Spectrum 254     2.69     21.52    16.57  42.89  0.79    5.16       0.97     9.41    
 Spectrum 255     5.35     18.77    14.03  44.16  3.30    4.68       3.07     6.64    
 Spectrum 256     4.26     20.48    15.06  44.62  1.55    4.58       2.16     7.29    
 Spectrum 257     7.56     14.68    10.98  41.92  9.64    5.32       5.03     4.87    
 Spectrum 258     1.77     22.54    17.64  43.61  0.00    4.17       0.00     10.27   
 Spectrum 259     1.79     21.65    16.77  44.86  0.10    4.50       0.00     10.33   
 Spectrum 260     2.77     22.66    16.73  44.23  0.21    4.05       0.32     9.02    
 Spectrum 261     1.91     20.79    17.47  44.30  0.55    4.52       0.11     10.35   
 Spectrum 262     1.62     20.08    12.64  52.17  0.00    3.98       0.00     9.51    
 Spectrum 263     1.82     21.77    16.62  44.55  0.10    4.59       0.00     10.55   
 Spectrum 264     15.87    4.30     2.72   10.21  22.44   4.53       30.11    9.80    
 Spectrum 265     2.25     20.63    16.46  45.02  0.67    4.77       0.42     9.78    
 Spectrum 266     3.40     21.62    16.10  44.70  0.76    4.26       1.19     7.97    
 Spectrum 267     1.76     22.56    17.56  42.99  0.02    4.52       0.00     10.59   
 Spectrum 268     2.16     21.73    16.79  43.56  0.33    4.81       0.08     10.54   
 Spectrum 269     1.46     17.90    7.03   61.76  0.00    3.51       0.00     8.34    
 Spectrum 270     1.97     21.85    17.46  42.77  0.25    4.71       0.00     10.98   
 Spectrum 271     1.85     20.49    17.82  44.20  0.54    4.43       0.01     10.67   
 Spectrum 272     2.80     21.79    17.28  44.77  0.00    3.98       0.01     9.37    
 Spectrum 273     3.77     21.75    15.74  43.87  1.08    4.53       1.38     7.89    
 Spectrum 274     2.44     20.93    16.93  43.10  0.77    5.25       0.63     9.95    
 Spectrum 275     1.76     23.32    17.85  41.59  0.05    4.67       0.00     10.76   
 Spectrum 276     1.91     20.41    12.38  51.22  0.10    4.40       0.03     9.56    
 Spectrum 277     1.87     22.22    15.95  45.10  0.06    4.61       0.00     10.19   
 Spectrum 278     2.57     25.26    16.34  40.81  0.44    5.00       0.11     9.47    
 Spectrum 279     1.89     22.81    17.53  42.60  0.09    4.66       0.00     10.41   
 Spectrum 280     3.58     21.72    16.00  44.38  0.70    4.42       1.14     8.06    
 Spectrum 281     2.89     22.54    16.69  44.42  0.23    4.13       0.38     8.71    
 Spectrum 282     4.13     20.42    15.39  44.54  1.39    4.54       1.79     7.80    
 Spectrum 283     2.80     22.17    16.65  42.28  0.70    5.10       0.78     9.53    
 Spectrum 284     6.40     15.80    13.33  45.27  4.46    4.06       4.81     5.86    
 Spectrum 285     4.46     20.77    15.08  43.68  1.78    4.62       2.30     7.32    
 Spectrum 286     3.86     22.01    16.06  43.51  0.73    4.53       1.17     8.13    
 Spectrum 287     1.70     21.00    14.46  48.99  0.11    4.32       0.00     9.43    
 Spectrum 288     2.75     22.29    17.34  44.19  0.00    4.12       0.01     9.31    
 Spectrum 289     2.41     21.87    16.88  42.93  0.78    4.93       0.43     9.77    
 Spectrum 290     6.86     19.52    0.00   4.01   0.00    0.42       39.01    30.18   
 Spectrum 291     4.85     19.79    14.53  43.12  2.85    4.89       2.89     7.09    
 Spectrum 292     2.66     21.75    16.67  42.81  0.78    5.13       0.80     9.40    
 Spectrum 293     2.39     22.08    17.06  42.73  0.67    4.86       0.37     9.84    
 Spectrum 294     1.45     17.54    6.00   63.75  0.00    3.42       0.00     7.83    
 Spectrum 295     3.15     22.25    16.69  44.23  0.30    4.14       0.60     8.64    
 Spectrum 296     4.83     19.80    14.65  43.05  2.64    4.99       2.87     7.16    
 Spectrum 297     2.56     21.68    16.59  42.84  0.78    5.20       0.72     9.62    
 Spectrum 298     3.96     20.54    15.25  42.97  1.19    4.51       2.85     8.73    
 Spectrum 299     3.04     22.57    17.27  43.75  0.00    4.00       0.36     9.01    
 Spectrum 300.txt 4.81     18.89    14.68  43.38  2.95    4.99       3.01     7.29    
 Mean             3.13     21.37    14.71  44.69  1.27    4.62       1.21     8.99    
 Sigma            1.61     2.36     3.58   7.42   2.78    0.92       3.07     2.01    
 SigmaMean        0.09     0.14     0.21   0.43   0.16    0.05       0.18     0.12    
